background(83, 184, 120);
noStroke();
// The Desktop
fill(0, 0, 100);
rect(205, 150, 250, 150, 10);
fill(19, 163, 240);
rect(215, 160, 230, 130);
fill(0, 0, 0, 20);
quad(215, 160, 215, 290, 360, 290, 320, 160);
fill(255);
ellipse(330, 155, 3.5, 3.5);
rect(250, 300, 150, 30);
fill(0, 0, 100);
ellipse(330, 315, 15, 15);
fill(255);
rect(285, 330, 90, 30);
// The Laptop
fill(0, 0, 100);
(rect)(80, 270, 190, 130, 10, 10, 0, 0, 0);
fill(255, 0, 0);
rect(90, 280, 170, 110);
fill(0, 0, 0, 20);
quad(90, 280, 90, 390, 200, 390, 170, 280);
fill(255);
rect(50, 400, 250, 20, 5);
fill(102, 96, 96);
(rect)(165, 400, 20, 5, 0, 0, 20, 20);
fill(255);
ellipse(180, 275, 4, 4);
// The iPad
fill(0, 0, 100);
rect(385, 247.5, 120, 175, 10);
fill(34, 212, 61);
rect(395, 260, 100, 150);
fill(0, 0, 0, 20);
quad(395, 260, 395, 410, 485, 410, 445, 260);
fill(255);
ellipse(445, 255, 4, 4);
fill(30, 102, 102);
ellipse(445, 416, 10, 10);
// The iPhone
fill(0, 0, 100);
rect(480, 350, 60, 100, 10);
fill(0, 255, 255);
rect(485, 365, 50, 70);
fill(0, 0, 0, 20);
quad(485, 365, 485, 435, 530, 435, 515, 365);
fill(255);
ellipse(510, 357, 4, 4);
fill(30, 102, 102);
ellipse(512, 442, 10, 10);
