background(230, 231, 233);
noStroke();
fill(0, 0, 0, 50);
ellipse(200, 302, 200, 15);
stroke(50);
strokeWeight(8);
fill(218, 198, 174);
rect(125, 220, 150, 80, 50);
arc(200.5, 227, 150, 100, 180, 360);
fill(195, 214, 0);
triangle(255, 125, 335, 150, 255, 175);
triangle(145, 125, 65, 150, 145, 175);
triangle(165, 205, 200, 240, 235, 205);
ellipse(200, 150, 130, 130);
fill(157, 168, 40);
ellipse(130, 230, 50, 50);
ellipse(270, 230, 50, 50);
line(235, 205, 150, 295);
line(165, 205, 200, 240);
noStroke();
fill(157, 168, 40);
arc(200, 150, 122, 122, 90, 270);
fill(195, 214, 0);
arc(201, 150, 80, 120, 90, 270);
stroke(50);
strokeWeight(12);
point(167, 180);
point(234, 180);
noFill();
strokeWeight(6);
arc(195, 125, 80, 25, 195, 240);
arc(200, 135, 80, 50, 250, 300);
arc(205, 125, 80, 25, 310, 345);
arc(195, 140, 80, 25, 195, 240);
arc(200, 150, 80, 50, 250, 300);
arc(205, 140, 80, 25, 310, 345);
arc(195, 155, 80, 25, 195, 240);
arc(200, 165, 80, 50, 250, 300);
arc(205, 155, 80, 25, 310, 345);
noStroke();
fill(195, 214, 0);
ellipse(132, 227, 35, 35);
ellipse(272, 227, 35, 35);
